W 117.0 467.0 118.0 358.0
W 118.0 358.0 129.0 279.0
W 129.0 279.0 154.0 221.0
W 154.0 221.0 200.0 175.0
W 200.0 175.0 248.0 157.0
W 248.0 157.0 312.0 156.0
W 312.0 156.0 398.0 166.0
W 398.0 166.0 467.0 201.0
W 467.0 201.0 497.0 237.0
W 497.0 237.0 518.0 299.0
W 518.0 299.0 532.0 336.0
W 532.0 336.0 548.0 351.0
W 548.0 351.0 588.0 360.0
W 588.0 360.0 633.0 355.0
W 633.0 355.0 673.0 325.0
W 673.0 325.0 703.0 269.0
W 703.0 269.0 720.0 203.0
W 720.0 203.0 768.0 165.0
W 768.0 165.0 840.0 159.0
W 840.0 159.0 886.0 161.0
W 886.0 161.0 923.0 177.0
W 923.0 177.0 964.0 229.0
W 964.0 229.0 972.0 292.0
W 972.0 292.0 987.0 343.0
W 987.0 343.0 1018.0 362.0
W 1018.0 362.0 1060.0 368.0
W 1060.0 368.0 1140.0 378.0
W 1140.0 378.0 1191.0 425.0
W 1191.0 425.0 1212.0 485.0
W 1212.0 485.0 1218.0 544.0
W 1218.0 544.0 1218.0 605.0
W 1218.0 605.0 1199.0 656.0
W 1199.0 656.0 1149.0 694.0
W 1149.0 694.0 1038.0 714.0
W 1038.0 714.0 993.0 746.0
W 993.0 746.0 961.0 794.0
W 961.0 794.0 941.0 815.0
W 941.0 815.0 904.0 819.0
W 904.0 819.0 849.0 810.0
W 849.0 810.0 783.0 771.0
W 783.0 771.0 740.0 703.0
W 740.0 703.0 737.0 581.0
W 737.0 581.0 725.0 556.0
W 221.0 465.0 220.0 367.0
W 220.0 367.0 226.0 339.0
W 226.0 339.0 235.0 310.0
W 235.0 310.0 253.0 276.0
W 253.0 276.0 284.0 262.0
W 284.0 262.0 317.0 265.0
W 317.0 265.0 355.0 269.0
W 355.0 269.0 374.0 280.0
W 374.0 280.0 385.0 305.0
W 385.0 305.0 409.0 367.0
W 409.0 367.0 433.0 398.0
W 433.0 398.0 466.0 429.0
W 466.0 429.0 541.0 453.0
W 541.0 453.0 631.0 455.0
W 631.0 455.0 709.0 431.0
W 709.0 431.0 770.0 383.0
W 770.0 383.0 799.0 322.0
W 799.0 322.0 805.0 297.0
W 805.0 297.0 818.0 283.0
W 818.0 283.0 836.0 278.0
W 836.0 278.0 862.0 287.0
W 862.0 287.0 878.0 313.0
W 878.0 313.0 885.0 373.0
W 885.0 373.0 899.0 429.0
W 899.0 429.0 941.0 451.0
W 941.0 451.0 1005.0 471.0
W 1005.0 471.0 1063.0 471.0
W 1063.0 471.0 1087.0 499.0
W 1087.0 499.0 1087.0 537.0
W 1087.0 537.0 1089.0 580.0
W 1089.0 580.0 1035.0 597.0
W 1035.0 597.0 993.0 623.0
W 993.0 623.0 952.0 655.0
W 952.0 655.0 914.0 693.0
W 914.0 693.0 892.0 705.0
W 892.0 705.0 866.0 693.0
W 866.0 693.0 838.0 667.0
W 838.0 667.0 837.0 575.0
W 837.0 575.0 830.0 518.0
W 830.0 518.0 804.0 488.0
W 804.0 488.0 758.0 458.0
W 758.0 458.0 699.0 458.0
W 699.0 458.0 631.0 455.0
W 725.0 556.0 682.0 541.0
W 682.0 541.0 653.0 550.0
W 653.0 550.0 641.0 602.0
W 641.0 602.0 628.0 687.0
W 628.0 687.0 619.0 730.0
W 619.0 730.0 593.0 755.0
W 593.0 755.0 555.0 769.0
W 555.0 769.0 510.0 778.0
W 510.0 778.0 287.0 777.0
W 287.0 777.0 239.0 777.0
W 239.0 777.0 208.0 756.0
W 208.0 756.0 182.0 731.0
W 182.0 731.0 161.0 709.0
W 161.0 709.0 130.0 663.0
W 130.0 663.0 121.0 610.0
W 121.0 610.0 117.0 467.0
W 221.0 465.0 220.0 605.0
W 220.0 605.0 256.0 664.0
W 256.0 664.0 288.0 687.0
W 288.0 687.0 471.0 686.0
W 471.0 686.0 517.0 670.0
W 517.0 670.0 534.0 607.0
W 534.0 607.0 540.0 557.0
W 540.0 557.0 557.0 511.0
W 557.0 511.0 588.0 474.0
W 588.0 474.0 631.0 455.0
C 119.0 444.0 220.0 444.0
C 119.0 360.0 218.0 374.0
C 259.0 272.0 240.0 160.0
C 369.0 275.0 404.0 175.0
C 417.0 372.0 525.0 329.0
C 603.0 359.0 605.0 453.0
C 679.0 319.0 774.0 368.0
C 823.0 278.0 815.0 158.0
C 881.0 329.0 979.0 320.0
C 1038.0 367.0 1013.0 470.0
C 1088.0 506.0 1211.0 499.0
C 1068.0 588.0 1166.0 678.0
C 973.0 635.0 1032.0 715.0
C 875.0 698.0 803.0 787.0
C 743.0 612.0 834.0 610.0
C 724.0 458.0 716.0 542.0
C 557.0 516.0 649.0 568.0
C 514.0 677.0 564.0 762.0
C 357.0 690.0 357.0 780.0
C 245.0 646.0 140.0 676.0
