100.0
10.0
275.0
163.0
-32.0
100.0
10.0
359.0
138.0
0.0
100.0
10.0
455.0
138.0
0.0
100.0
10.0
548.1647876142166
142.85566500868754
6.0
100.0
10.0
640.0
148.0
0.0
199.0
10.0
171.01337558379345
284.15838711182494
98.0
240.0
10.0
266.14036378918547
376.5204363135457
-80.0
70.0
10.0
400.9282032302755
246.7320508075689
-30.0
150.0
10.0
460.0
231.0
0.0
100.0
10.0
604.0
240.0
10.0
160.0
10.0
731.0
174.0
20.0
120.0
10.0
833.0
254.0
-100.0
100.0
10.0
829.0
350.0
-60.0
100.0
10.0
757.0
387.0
0.0
60.0
10.0
725.0
474.0
70.0
100.0
10.0
324.0
537.0
80.0
116.0
10.0
761.0
505.0
6.0
100.0
10.0
570.0
369.0
-70.0
100.0
10.0
629.0
310.0
-20.0
50.0
10.0
685.0
272.0
70.0
100.0
10.0
556.0
458.0
90.0
100.0
10.0
381.0
587.0
0.0
100.0
10.0
595.0
536.0
40.0
580.0
10.0
310.0
681.0
0.0
100.0
10.0
246.0
637.0
70.0
100.0
10.0
229.0
548.0
90.0
130.0
10.0
202.0
437.0
80.0
100.0
10.0
478.0
595.0
5.0
153.0
10.0
672.0
577.0
10.0
113.0
10.0
569.0
580.0
-20.0
100.0
10.0
873.0
652.0
140.0
100.0
10.0
910.0
575.0
90.0
100.0
10.0
862.0
519.0
10.0
70.0
10.0
721.0
418.0
-73.0
