290
10
47.83288528313429
13.089870045663767
-10.0
190
10
120.0
89.99999999999997
0.0
70
10
42.0
185.0
90.0
100
10
292.3442571930051
5.274067927157963
10.0
100
10
385.94352614551195
20.197926694108077
10.0
100
10
472.9179479937788
52.0180521202943
30.0
100
10
532.8992093735307
120.4283879525168
70.0
100
10
301.9875274039638
109.41396513523857
20.0
100
10
393.35316539268246
141.51646403944886
200.0
100
10
557.5180987471614
205.49184347528814
80.0
100
10
531.7344422890752
283.2804765078537
-40.0
100
10
448.0
313.0
0.0
100
10
365.30384757729337
287.8660254037844
30.0
100
10
288.7609457315996
233.90931878499975
40.0
100
10
216.33483419492006
235.41490422871334
-40.0
170
10
47.193556349962535
153.4340075520316
-50.0
140
10
20.08988829513342
281.82211180687534
80.0
100
10
190.9630820452232
313.57802584599017
80.0
260
10
144.0
486.0
80.0
300
10
-13.823414815291017
494.52523880056765
77.0
100
10
143.68930856065919
673.3888145443572
50.0
70
10
296.0
614.0
0.0
170
10
308.3834938496566
745.9533024566008
-10.0
100
10
452.7320508075689
693.8038475772934
120.0
100
10
468.5894859582001
608.7669570024037
80.0
140
10
395.3575025112159
503.8553663847368
50.0
100
10
218.86602540378445
736.5
30.0
170
10
230.75858504465452
317.08419528092423
-40.0
220
10
491.8756443470178
405.07179676972453
60.0
130
10
495.0537866119318
587.2085453048809
30.0
170
10
612.4001275497586
633.4024767982747
10.0
100
10
766.9683978459562
615.9232641175403
-40.0
120
10
793.4736066255933
529.4524981612518
90.0
190
10
696.5252256145327
401.46322616041084
50.0
230
10
596.9897505530661
196.2309380992949
-32.0
200
10
690.9639748424788
258.3550548475397
-54.0
100
10
791.9209034305951
108.02511621996771
-40.0
100
10
833.5246294877735
151.4414076712377
-40.0
100
10
869.1961524227066
53.26794919243112
-30.0
100
10
953.8389019943166
43.913632190808904
20.0
100
10
1026.375644347018
100.66987298107782
60.0
100
10
1029.2057713659399
180.64359353944906
-60.0
100
10
975.9576042961583
248.36838327774072
-40.0
100
10
913.3780209945592
306.24418940045877
-50.0
70
10
892.6950308521239
379.67070480895757
100.0
180
10
833.0
499.0
90.0
140
10
830.4933507895107
648.1546963688985
-70.0
270
10
477.42326689240315
689.386620372879
-20.0
310
10
580.4563986037357
763.9170832842476
-20.0
350
10
300.0
826.0
0.0
400
10
201.0
821.0
0.0
290
10
-45.51147525103039
733.8800408973622
40.0
630
10
-311.8450691104555
339.78871340710214
90.0
100
10
-12.964101615137757
54.66987298107781
-30.0
90
10
55.80153689607046
124.37997369770613
-60.0
